60
50
95
13
55
90
11
67
60
68
55
61
90
96
20
61
36
29
66
80
44
88
84
82
43
0
89
13
14
39
35
22
79
68
94
53
8
74
7
68
78
65
15
67
95
92
43
79
16
36
89
78
73
9
20
75
2
31
10
87
43
95
26
48
66
64
70
38
9
77
44
56
8
41
37
36
8
46
43
15
6
54
63
87
3
68
55
44
4
56
58
7
83
35
93
26
96
54
3
57
86
4
45
97
82
19
60
92
79
65
50
48
89
92
43
69
60
49
80
34
52
21
45
88
5
62
17
79
9
85
32
70
99
52
0
34
65
36
5
30
34
96
90
86
49
66
94
95
14
4
77
63
10
75
49
10
79
76
88
40
5
30
2
77
60
40
12
16
71
83
28
36
54
5
85
54
54
3
75
76
90
62
37
66
70
21
99
32
23
45
43
68
93
77
72
86
56
84
21
66
3
82
48
97
75
16
30
84
73
36
15
29
91
81
28
0
53
24
33
96
85
45
46
16
56
21
27
65
44
88
10
44
6
14
25
88
1
71
16
6
1
21
34
59
79
91
61
16
22
36
75
88
23
76
17
26
70
79
2
69
84
48
45
71
38
2
8
26
92
11
97
10
19
41
43
48
32
47
10
43
9
8
36
85
83
15
20
21
40
67
90
52
12
5
53
74
46
40
45
28
63
57
84
36
13
37
66
37
71
57
98
20
27
17
49
31
39
85
48
86
80
64
38
17
15
10
18
22
74
61
87
80
59
64
93
39
33
73
16
58
92
29
61
3
43
91
58
31
1
53
55
52
28
15
11
83
19
54
80
10
30
76
26
43
0
96
11
51
10
72
97
91
67
95
43
73
57
41
50
75
5
81
10
56
96
31
44
7
78
99
3
35
55
98
84
85
29
1
84
97
89
7
20
96
39
56
84
1
89
40
1
35
41
1
22
0
86
38
70
14
53
20
31
79
40
15
6
9
64
67
59
56
61
86
42
60
74
27
60
40
0
15
0
53
99
23
45
3
32
49
32
26
75
62
24
89
70
15
82
37
67
35
36
48
82
0
14
69
54
48
63
9
37
44
82
76
64
40
17
46
26
11
71
64
98
43
82
46
15
17
8
84
39
75
59
58
96
34
57
33
27
14
85
48
20
28
16
48
80
21
60
96
22
58
43
44
76
29
97
89
73
85
75
85
36
85
84
14
12
71
34
10
3
72
34
30
94
62
30
96
91
17
76
94
42
95
15
90
54
58
45
91
79
21
68
2
41
92
51
78
1
8
30
18
8
55
11
30
6
36
35
82
36
72
99
59
97
94
8
37
23
80
99
22
82
59
11
9
20
32
84
85
75
25
44
46
23
56
18
13
28
71
64
92
48
78
95
51
55
50
33
67
77
50
37
61
41
68
94
44
27
93
83
36
90
18
9
2
92
72
76
78
48
43
32
23
55
95
18
79
89
20
6
31
42
84
76
25
72
99
96
13
19
59
16
1
7
70
17
75
11
10
21
1
79
99
27
91
49
56
18
26
10
27
40
88
19
23
44
17
39
81
75
17
23
87
28
19
37
50
71
6
92
26
18
67
64
8
19
64
98
43
38
48
34
72
67
96
84
49
30
38
31
66
67
88
1
39
13
55
52
1
55
6
86
72
41
27
55
85
89
18
29
50
33
38
41
19
46
13
49
76
20
51
71
17
57
90
59
81
8
8
77
88
10
10
70
32
87
94
9
87
95
81
95
60
81
48
52
59
86
16
97
31
63
32
39
75
33
35
86
96
85
87
35
55
0
74
56
6
41
83
77
98
97
85
84
69
37
93
10
29
26
49
65
54
28
74
11
72
86
6
66
68
84
63
42
85
52
37
23
43
29
19
63
42
15
58
44
13
5
1
75
49
7
60
57
9
29
36
56
3
48
49
46
22
22
12
47
64
30
45
49
18
32
96
59
62
55
35
42
0
52
60
32
35
65
73
93
92
55
3
13
49
52
35
43
32
61
27
60
57
3
4
20
46
71
69
22
91
16
6
71
87
76
43
96
30
15
84
57
67
7
10
18
81
42
63
90
56
94
55
99
79
91
0
17
77
72
67
11
56
60
65
19
73
24
82
43
94
97
89
68
39
43
65
12
97
9
58
33
8
94
85
60
40
37
83
91
27
29
17
66
82
63
21
22
82
12
44
33
25
84
56
59
3
33
21
50
15
22
57
76
82
27
36
41
12
74
78
84
70
72
72
8
17
42
95
16
50
4
25
11
77
27
68
62
39
20
25
